{
  "cells": [
    {
      "cell_type": "code",
      "execution_count": 94,
      "id": "3ad89da4-b748-4dd3-81cb-639a54f510cf",
      "metadata": {
        "id": "3ad89da4-b748-4dd3-81cb-639a54f510cf"
      },
      "outputs": [],
      "source": [
        "import numpy as np\n",
        "import pandas as pd\n",
        "import tensorflow as tf\n",
        "from tensorflow.keras import layers\n",
        "from sklearn.model_selection import train_test_split\n",
        "from sklearn.preprocessing import MinMaxScaler\n",
        "import random\n",
        "import matplotlib.pyplot as plt\n",
        "from tensorflow.keras.callbacks import EarlyStopping, ModelCheckpoint"
      ]
    },
    {
      "cell_type": "code",
      "execution_count": 95,
      "id": "fa5cf6f7-6c30-4d49-baa9-cb68faf69c9a",
      "metadata": {
        "colab": {
          "base_uri": "https://localhost:8080/",
          "height": 444
        },
        "id": "fa5cf6f7-6c30-4d49-baa9-cb68faf69c9a",
        "outputId": "0f913da0-03f4-4861-8e13-6296c4f19a8a"
      },
      "outputs": [],
      "source": [
        "voice = pd.read_csv('/Users/karanjangra/Gender Recogniton project/voice.csv')"
      ]
    },
    {
      "cell_type": "code",
      "execution_count": 96,
      "id": "9ba56e39-e524-4149-90fa-1975c5b1f6de",
      "metadata": {
        "colab": {
          "base_uri": "https://localhost:8080/",
          "height": 178
        },
        "id": "9ba56e39-e524-4149-90fa-1975c5b1f6de",
        "outputId": "cda867d6-78d2-4a08-8de2-417002368ae1",
        "scrolled": true
      },
      "outputs": [
        {
          "data": {
            "text/plain": [
              "label\n",
              "male      1584\n",
              "female    1584\n",
              "Name: count, dtype: int64"
            ]
          },
          "execution_count": 96,
          "metadata": {},
          "output_type": "execute_result"
        }
      ],
      "source": [
        "voice['label'].value_counts()"
      ]
    },
    {
      "cell_type": "code",
      "execution_count": 97,
      "id": "e59de329-43d3-470b-8747-dfd01adad3b2",
      "metadata": {
        "colab": {
          "base_uri": "https://localhost:8080/",
          "height": 697
        },
        "id": "e59de329-43d3-470b-8747-dfd01adad3b2",
        "outputId": "85af4f3f-c5c0-4299-b832-51a06a7162ca"
      },
      "outputs": [
        {
          "data": {
            "text/html": [
              "<div>\n",
              "<style scoped>\n",
              "    .dataframe tbody tr th:only-of-type {\n",
              "        vertical-align: middle;\n",
              "    }\n",
              "\n",
              "    .dataframe tbody tr th {\n",
              "        vertical-align: top;\n",
              "    }\n",
              "\n",
              "    .dataframe thead th {\n",
              "        text-align: right;\n",
              "    }\n",
              "</style>\n",
              "<table border=\"1\" class=\"dataframe\">\n",
              "  <thead>\n",
              "    <tr style=\"text-align: right;\">\n",
              "      <th></th>\n",
              "      <th>meanfreq</th>\n",
              "      <th>sd</th>\n",
              "      <th>median</th>\n",
              "      <th>Q25</th>\n",
              "      <th>Q75</th>\n",
              "      <th>IQR</th>\n",
              "      <th>skew</th>\n",
              "      <th>kurt</th>\n",
              "      <th>sp.ent</th>\n",
              "      <th>sfm</th>\n",
              "      <th>mode</th>\n",
              "      <th>centroid</th>\n",
              "      <th>meanfun</th>\n",
              "      <th>minfun</th>\n",
              "      <th>maxfun</th>\n",
              "      <th>meandom</th>\n",
              "      <th>mindom</th>\n",
              "      <th>maxdom</th>\n",
              "      <th>dfrange</th>\n",
              "      <th>modindx</th>\n",
              "    </tr>\n",
              "  </thead>\n",
              "  <tbody>\n",
              "    <tr>\n",
              "      <th>meanfreq</th>\n",
              "      <td>1.000000</td>\n",
              "      <td>-0.739039</td>\n",
              "      <td>0.925445</td>\n",
              "      <td>0.911416</td>\n",
              "      <td>0.740997</td>\n",
              "      <td>-0.627605</td>\n",
              "      <td>-0.322327</td>\n",
              "      <td>-0.316036</td>\n",
              "      <td>-0.601203</td>\n",
              "      <td>-0.784332</td>\n",
              "      <td>0.687715</td>\n",
              "      <td>1.000000</td>\n",
              "      <td>0.460844</td>\n",
              "      <td>0.383937</td>\n",
              "      <td>0.274004</td>\n",
              "      <td>0.536666</td>\n",
              "      <td>0.229261</td>\n",
              "      <td>0.519528</td>\n",
              "      <td>0.515570</td>\n",
              "      <td>-0.216979</td>\n",
              "    </tr>\n",
              "    <tr>\n",
              "      <th>sd</th>\n",
              "      <td>-0.739039</td>\n",
              "      <td>1.000000</td>\n",
              "      <td>-0.562603</td>\n",
              "      <td>-0.846931</td>\n",
              "      <td>-0.161076</td>\n",
              "      <td>0.874660</td>\n",
              "      <td>0.314597</td>\n",
              "      <td>0.346241</td>\n",
              "      <td>0.716620</td>\n",
              "      <td>0.838086</td>\n",
              "      <td>-0.529150</td>\n",
              "      <td>-0.739039</td>\n",
              "      <td>-0.466281</td>\n",
              "      <td>-0.345609</td>\n",
              "      <td>-0.129662</td>\n",
              "      <td>-0.482726</td>\n",
              "      <td>-0.357667</td>\n",
              "      <td>-0.482278</td>\n",
              "      <td>-0.475999</td>\n",
              "      <td>0.122660</td>\n",
              "    </tr>\n",
              "    <tr>\n",
              "      <th>median</th>\n",
              "      <td>0.925445</td>\n",
              "      <td>-0.562603</td>\n",
              "      <td>1.000000</td>\n",
              "      <td>0.774922</td>\n",
              "      <td>0.731849</td>\n",
              "      <td>-0.477352</td>\n",
              "      <td>-0.257407</td>\n",
              "      <td>-0.243382</td>\n",
              "      <td>-0.502005</td>\n",
              "      <td>-0.661690</td>\n",
              "      <td>0.677433</td>\n",
              "      <td>0.925445</td>\n",
              "      <td>0.414909</td>\n",
              "      <td>0.337602</td>\n",
              "      <td>0.251328</td>\n",
              "      <td>0.455943</td>\n",
              "      <td>0.191169</td>\n",
              "      <td>0.438919</td>\n",
              "      <td>0.435621</td>\n",
              "      <td>-0.213298</td>\n",
              "    </tr>\n",
              "    <tr>\n",
              "      <th>Q25</th>\n",
              "      <td>0.911416</td>\n",
              "      <td>-0.846931</td>\n",
              "      <td>0.774922</td>\n",
              "      <td>1.000000</td>\n",
              "      <td>0.477140</td>\n",
              "      <td>-0.874189</td>\n",
              "      <td>-0.319475</td>\n",
              "      <td>-0.350182</td>\n",
              "      <td>-0.648126</td>\n",
              "      <td>-0.766875</td>\n",
              "      <td>0.591277</td>\n",
              "      <td>0.911416</td>\n",
              "      <td>0.545035</td>\n",
              "      <td>0.320994</td>\n",
              "      <td>0.199841</td>\n",
              "      <td>0.467403</td>\n",
              "      <td>0.302255</td>\n",
              "      <td>0.459683</td>\n",
              "      <td>0.454394</td>\n",
              "      <td>-0.141377</td>\n",
              "    </tr>\n",
              "    <tr>\n",
              "      <th>Q75</th>\n",
              "      <td>0.740997</td>\n",
              "      <td>-0.161076</td>\n",
              "      <td>0.731849</td>\n",
              "      <td>0.477140</td>\n",
              "      <td>1.000000</td>\n",
              "      <td>0.009636</td>\n",
              "      <td>-0.206339</td>\n",
              "      <td>-0.148881</td>\n",
              "      <td>-0.174905</td>\n",
              "      <td>-0.378198</td>\n",
              "      <td>0.486857</td>\n",
              "      <td>0.740997</td>\n",
              "      <td>0.155091</td>\n",
              "      <td>0.258002</td>\n",
              "      <td>0.285584</td>\n",
              "      <td>0.359181</td>\n",
              "      <td>-0.023750</td>\n",
              "      <td>0.335114</td>\n",
              "      <td>0.335648</td>\n",
              "      <td>-0.216475</td>\n",
              "    </tr>\n",
              "    <tr>\n",
              "      <th>IQR</th>\n",
              "      <td>-0.627605</td>\n",
              "      <td>0.874660</td>\n",
              "      <td>-0.477352</td>\n",
              "      <td>-0.874189</td>\n",
              "      <td>0.009636</td>\n",
              "      <td>1.000000</td>\n",
              "      <td>0.249497</td>\n",
              "      <td>0.316185</td>\n",
              "      <td>0.640813</td>\n",
              "      <td>0.663601</td>\n",
              "      <td>-0.403764</td>\n",
              "      <td>-0.627605</td>\n",
              "      <td>-0.534462</td>\n",
              "      <td>-0.222680</td>\n",
              "      <td>-0.069588</td>\n",
              "      <td>-0.333362</td>\n",
              "      <td>-0.357037</td>\n",
              "      <td>-0.337877</td>\n",
              "      <td>-0.331563</td>\n",
              "      <td>0.041252</td>\n",
              "    </tr>\n",
              "    <tr>\n",
              "      <th>skew</th>\n",
              "      <td>-0.322327</td>\n",
              "      <td>0.314597</td>\n",
              "      <td>-0.257407</td>\n",
              "      <td>-0.319475</td>\n",
              "      <td>-0.206339</td>\n",
              "      <td>0.249497</td>\n",
              "      <td>1.000000</td>\n",
              "      <td>0.977020</td>\n",
              "      <td>-0.195459</td>\n",
              "      <td>0.079694</td>\n",
              "      <td>-0.434859</td>\n",
              "      <td>-0.322327</td>\n",
              "      <td>-0.167668</td>\n",
              "      <td>-0.216954</td>\n",
              "      <td>-0.080861</td>\n",
              "      <td>-0.336848</td>\n",
              "      <td>-0.061608</td>\n",
              "      <td>-0.305651</td>\n",
              "      <td>-0.304640</td>\n",
              "      <td>-0.169325</td>\n",
              "    </tr>\n",
              "    <tr>\n",
              "      <th>kurt</th>\n",
              "      <td>-0.316036</td>\n",
              "      <td>0.346241</td>\n",
              "      <td>-0.243382</td>\n",
              "      <td>-0.350182</td>\n",
              "      <td>-0.148881</td>\n",
              "      <td>0.316185</td>\n",
              "      <td>0.977020</td>\n",
              "      <td>1.000000</td>\n",
              "      <td>-0.127644</td>\n",
              "      <td>0.109884</td>\n",
              "      <td>-0.406722</td>\n",
              "      <td>-0.316036</td>\n",
              "      <td>-0.194560</td>\n",
              "      <td>-0.203201</td>\n",
              "      <td>-0.045667</td>\n",
              "      <td>-0.303234</td>\n",
              "      <td>-0.103313</td>\n",
              "      <td>-0.274500</td>\n",
              "      <td>-0.272729</td>\n",
              "      <td>-0.205539</td>\n",
              "    </tr>\n",
              "    <tr>\n",
              "      <th>sp.ent</th>\n",
              "      <td>-0.601203</td>\n",
              "      <td>0.716620</td>\n",
              "      <td>-0.502005</td>\n",
              "      <td>-0.648126</td>\n",
              "      <td>-0.174905</td>\n",
              "      <td>0.640813</td>\n",
              "      <td>-0.195459</td>\n",
              "      <td>-0.127644</td>\n",
              "      <td>1.000000</td>\n",
              "      <td>0.866411</td>\n",
              "      <td>-0.325298</td>\n",
              "      <td>-0.601203</td>\n",
              "      <td>-0.513194</td>\n",
              "      <td>-0.305826</td>\n",
              "      <td>-0.120738</td>\n",
              "      <td>-0.293562</td>\n",
              "      <td>-0.294869</td>\n",
              "      <td>-0.324253</td>\n",
              "      <td>-0.319054</td>\n",
              "      <td>0.198074</td>\n",
              "    </tr>\n",
              "    <tr>\n",
              "      <th>sfm</th>\n",
              "      <td>-0.784332</td>\n",
              "      <td>0.838086</td>\n",
              "      <td>-0.661690</td>\n",
              "      <td>-0.766875</td>\n",
              "      <td>-0.378198</td>\n",
              "      <td>0.663601</td>\n",
              "      <td>0.079694</td>\n",
              "      <td>0.109884</td>\n",
              "      <td>0.866411</td>\n",
              "      <td>1.000000</td>\n",
              "      <td>-0.485913</td>\n",
              "      <td>-0.784332</td>\n",
              "      <td>-0.421066</td>\n",
              "      <td>-0.362100</td>\n",
              "      <td>-0.192369</td>\n",
              "      <td>-0.428442</td>\n",
              "      <td>-0.289593</td>\n",
              "      <td>-0.436649</td>\n",
              "      <td>-0.431580</td>\n",
              "      <td>0.211477</td>\n",
              "    </tr>\n",
              "    <tr>\n",
              "      <th>mode</th>\n",
              "      <td>0.687715</td>\n",
              "      <td>-0.529150</td>\n",
              "      <td>0.677433</td>\n",
              "      <td>0.591277</td>\n",
              "      <td>0.486857</td>\n",
              "      <td>-0.403764</td>\n",
              "      <td>-0.434859</td>\n",
              "      <td>-0.406722</td>\n",
              "      <td>-0.325298</td>\n",
              "      <td>-0.485913</td>\n",
              "      <td>1.000000</td>\n",
              "      <td>0.687715</td>\n",
              "      <td>0.324771</td>\n",
              "      <td>0.385467</td>\n",
              "      <td>0.172329</td>\n",
              "      <td>0.491479</td>\n",
              "      <td>0.198150</td>\n",
              "      <td>0.477187</td>\n",
              "      <td>0.473775</td>\n",
              "      <td>-0.182344</td>\n",
              "    </tr>\n",
              "    <tr>\n",
              "      <th>centroid</th>\n",
              "      <td>1.000000</td>\n",
              "      <td>-0.739039</td>\n",
              "      <td>0.925445</td>\n",
              "      <td>0.911416</td>\n",
              "      <td>0.740997</td>\n",
              "      <td>-0.627605</td>\n",
              "      <td>-0.322327</td>\n",
              "      <td>-0.316036</td>\n",
              "      <td>-0.601203</td>\n",
              "      <td>-0.784332</td>\n",
              "      <td>0.687715</td>\n",
              "      <td>1.000000</td>\n",
              "      <td>0.460844</td>\n",
              "      <td>0.383937</td>\n",
              "      <td>0.274004</td>\n",
              "      <td>0.536666</td>\n",
              "      <td>0.229261</td>\n",
              "      <td>0.519528</td>\n",
              "      <td>0.515570</td>\n",
              "      <td>-0.216979</td>\n",
              "    </tr>\n",
              "    <tr>\n",
              "      <th>meanfun</th>\n",
              "      <td>0.460844</td>\n",
              "      <td>-0.466281</td>\n",
              "      <td>0.414909</td>\n",
              "      <td>0.545035</td>\n",
              "      <td>0.155091</td>\n",
              "      <td>-0.534462</td>\n",
              "      <td>-0.167668</td>\n",
              "      <td>-0.194560</td>\n",
              "      <td>-0.513194</td>\n",
              "      <td>-0.421066</td>\n",
              "      <td>0.324771</td>\n",
              "      <td>0.460844</td>\n",
              "      <td>1.000000</td>\n",
              "      <td>0.339387</td>\n",
              "      <td>0.311950</td>\n",
              "      <td>0.270840</td>\n",
              "      <td>0.162163</td>\n",
              "      <td>0.277982</td>\n",
              "      <td>0.275154</td>\n",
              "      <td>-0.054858</td>\n",
              "    </tr>\n",
              "    <tr>\n",
              "      <th>minfun</th>\n",
              "      <td>0.383937</td>\n",
              "      <td>-0.345609</td>\n",
              "      <td>0.337602</td>\n",
              "      <td>0.320994</td>\n",
              "      <td>0.258002</td>\n",
              "      <td>-0.222680</td>\n",
              "      <td>-0.216954</td>\n",
              "      <td>-0.203201</td>\n",
              "      <td>-0.305826</td>\n",
              "      <td>-0.362100</td>\n",
              "      <td>0.385467</td>\n",
              "      <td>0.383937</td>\n",
              "      <td>0.339387</td>\n",
              "      <td>1.000000</td>\n",
              "      <td>0.213987</td>\n",
              "      <td>0.375979</td>\n",
              "      <td>0.082015</td>\n",
              "      <td>0.317860</td>\n",
              "      <td>0.316486</td>\n",
              "      <td>0.002042</td>\n",
              "    </tr>\n",
              "    <tr>\n",
              "      <th>maxfun</th>\n",
              "      <td>0.274004</td>\n",
              "      <td>-0.129662</td>\n",
              "      <td>0.251328</td>\n",
              "      <td>0.199841</td>\n",
              "      <td>0.285584</td>\n",
              "      <td>-0.069588</td>\n",
              "      <td>-0.080861</td>\n",
              "      <td>-0.045667</td>\n",
              "      <td>-0.120738</td>\n",
              "      <td>-0.192369</td>\n",
              "      <td>0.172329</td>\n",
              "      <td>0.274004</td>\n",
              "      <td>0.311950</td>\n",
              "      <td>0.213987</td>\n",
              "      <td>1.000000</td>\n",
              "      <td>0.337553</td>\n",
              "      <td>-0.243426</td>\n",
              "      <td>0.355390</td>\n",
              "      <td>0.359880</td>\n",
              "      <td>-0.363029</td>\n",
              "    </tr>\n",
              "    <tr>\n",
              "      <th>meandom</th>\n",
              "      <td>0.536666</td>\n",
              "      <td>-0.482726</td>\n",
              "      <td>0.455943</td>\n",
              "      <td>0.467403</td>\n",
              "      <td>0.359181</td>\n",
              "      <td>-0.333362</td>\n",
              "      <td>-0.336848</td>\n",
              "      <td>-0.303234</td>\n",
              "      <td>-0.293562</td>\n",
              "      <td>-0.428442</td>\n",
              "      <td>0.491479</td>\n",
              "      <td>0.536666</td>\n",
              "      <td>0.270840</td>\n",
              "      <td>0.375979</td>\n",
              "      <td>0.337553</td>\n",
              "      <td>1.000000</td>\n",
              "      <td>0.099656</td>\n",
              "      <td>0.812838</td>\n",
              "      <td>0.811304</td>\n",
              "      <td>-0.180954</td>\n",
              "    </tr>\n",
              "    <tr>\n",
              "      <th>mindom</th>\n",
              "      <td>0.229261</td>\n",
              "      <td>-0.357667</td>\n",
              "      <td>0.191169</td>\n",
              "      <td>0.302255</td>\n",
              "      <td>-0.023750</td>\n",
              "      <td>-0.357037</td>\n",
              "      <td>-0.061608</td>\n",
              "      <td>-0.103313</td>\n",
              "      <td>-0.294869</td>\n",
              "      <td>-0.289593</td>\n",
              "      <td>0.198150</td>\n",
              "      <td>0.229261</td>\n",
              "      <td>0.162163</td>\n",
              "      <td>0.082015</td>\n",
              "      <td>-0.243426</td>\n",
              "      <td>0.099656</td>\n",
              "      <td>1.000000</td>\n",
              "      <td>0.026640</td>\n",
              "      <td>0.008666</td>\n",
              "      <td>0.200212</td>\n",
              "    </tr>\n",
              "    <tr>\n",
              "      <th>maxdom</th>\n",
              "      <td>0.519528</td>\n",
              "      <td>-0.482278</td>\n",
              "      <td>0.438919</td>\n",
              "      <td>0.459683</td>\n",
              "      <td>0.335114</td>\n",
              "      <td>-0.337877</td>\n",
              "      <td>-0.305651</td>\n",
              "      <td>-0.274500</td>\n",
              "      <td>-0.324253</td>\n",
              "      <td>-0.436649</td>\n",
              "      <td>0.477187</td>\n",
              "      <td>0.519528</td>\n",
              "      <td>0.277982</td>\n",
              "      <td>0.317860</td>\n",
              "      <td>0.355390</td>\n",
              "      <td>0.812838</td>\n",
              "      <td>0.026640</td>\n",
              "      <td>1.000000</td>\n",
              "      <td>0.999838</td>\n",
              "      <td>-0.425531</td>\n",
              "    </tr>\n",
              "    <tr>\n",
              "      <th>dfrange</th>\n",
              "      <td>0.515570</td>\n",
              "      <td>-0.475999</td>\n",
              "      <td>0.435621</td>\n",
              "      <td>0.454394</td>\n",
              "      <td>0.335648</td>\n",
              "      <td>-0.331563</td>\n",
              "      <td>-0.304640</td>\n",
              "      <td>-0.272729</td>\n",
              "      <td>-0.319054</td>\n",
              "      <td>-0.431580</td>\n",
              "      <td>0.473775</td>\n",
              "      <td>0.515570</td>\n",
              "      <td>0.275154</td>\n",
              "      <td>0.316486</td>\n",
              "      <td>0.359880</td>\n",
              "      <td>0.811304</td>\n",
              "      <td>0.008666</td>\n",
              "      <td>0.999838</td>\n",
              "      <td>1.000000</td>\n",
              "      <td>-0.429266</td>\n",
              "    </tr>\n",
              "    <tr>\n",
              "      <th>modindx</th>\n",
              "      <td>-0.216979</td>\n",
              "      <td>0.122660</td>\n",
              "      <td>-0.213298</td>\n",
              "      <td>-0.141377</td>\n",
              "      <td>-0.216475</td>\n",
              "      <td>0.041252</td>\n",
              "      <td>-0.169325</td>\n",
              "      <td>-0.205539</td>\n",
              "      <td>0.198074</td>\n",
              "      <td>0.211477</td>\n",
              "      <td>-0.182344</td>\n",
              "      <td>-0.216979</td>\n",
              "      <td>-0.054858</td>\n",
              "      <td>0.002042</td>\n",
              "      <td>-0.363029</td>\n",
              "      <td>-0.180954</td>\n",
              "      <td>0.200212</td>\n",
              "      <td>-0.425531</td>\n",
              "      <td>-0.429266</td>\n",
              "      <td>1.000000</td>\n",
              "    </tr>\n",
              "  </tbody>\n",
              "</table>\n",
              "</div>"
            ],
            "text/plain": [
              "          meanfreq        sd    median       Q25       Q75       IQR  \\\n",
              "meanfreq  1.000000 -0.739039  0.925445  0.911416  0.740997 -0.627605   \n",
              "sd       -0.739039  1.000000 -0.562603 -0.846931 -0.161076  0.874660   \n",
              "median    0.925445 -0.562603  1.000000  0.774922  0.731849 -0.477352   \n",
              "Q25       0.911416 -0.846931  0.774922  1.000000  0.477140 -0.874189   \n",
              "Q75       0.740997 -0.161076  0.731849  0.477140  1.000000  0.009636   \n",
              "IQR      -0.627605  0.874660 -0.477352 -0.874189  0.009636  1.000000   \n",
              "skew     -0.322327  0.314597 -0.257407 -0.319475 -0.206339  0.249497   \n",
              "kurt     -0.316036  0.346241 -0.243382 -0.350182 -0.148881  0.316185   \n",
              "sp.ent   -0.601203  0.716620 -0.502005 -0.648126 -0.174905  0.640813   \n",
              "sfm      -0.784332  0.838086 -0.661690 -0.766875 -0.378198  0.663601   \n",
              "mode      0.687715 -0.529150  0.677433  0.591277  0.486857 -0.403764   \n",
              "centroid  1.000000 -0.739039  0.925445  0.911416  0.740997 -0.627605   \n",
              "meanfun   0.460844 -0.466281  0.414909  0.545035  0.155091 -0.534462   \n",
              "minfun    0.383937 -0.345609  0.337602  0.320994  0.258002 -0.222680   \n",
              "maxfun    0.274004 -0.129662  0.251328  0.199841  0.285584 -0.069588   \n",
              "meandom   0.536666 -0.482726  0.455943  0.467403  0.359181 -0.333362   \n",
              "mindom    0.229261 -0.357667  0.191169  0.302255 -0.023750 -0.357037   \n",
              "maxdom    0.519528 -0.482278  0.438919  0.459683  0.335114 -0.337877   \n",
              "dfrange   0.515570 -0.475999  0.435621  0.454394  0.335648 -0.331563   \n",
              "modindx  -0.216979  0.122660 -0.213298 -0.141377 -0.216475  0.041252   \n",
              "\n",
              "              skew      kurt    sp.ent       sfm      mode  centroid  \\\n",
              "meanfreq -0.322327 -0.316036 -0.601203 -0.784332  0.687715  1.000000   \n",
              "sd        0.314597  0.346241  0.716620  0.838086 -0.529150 -0.739039   \n",
              "median   -0.257407 -0.243382 -0.502005 -0.661690  0.677433  0.925445   \n",
              "Q25      -0.319475 -0.350182 -0.648126 -0.766875  0.591277  0.911416   \n",
              "Q75      -0.206339 -0.148881 -0.174905 -0.378198  0.486857  0.740997   \n",
              "IQR       0.249497  0.316185  0.640813  0.663601 -0.403764 -0.627605   \n",
              "skew      1.000000  0.977020 -0.195459  0.079694 -0.434859 -0.322327   \n",
              "kurt      0.977020  1.000000 -0.127644  0.109884 -0.406722 -0.316036   \n",
              "sp.ent   -0.195459 -0.127644  1.000000  0.866411 -0.325298 -0.601203   \n",
              "sfm       0.079694  0.109884  0.866411  1.000000 -0.485913 -0.784332   \n",
              "mode     -0.434859 -0.406722 -0.325298 -0.485913  1.000000  0.687715   \n",
              "centroid -0.322327 -0.316036 -0.601203 -0.784332  0.687715  1.000000   \n",
              "meanfun  -0.167668 -0.194560 -0.513194 -0.421066  0.324771  0.460844   \n",
              "minfun   -0.216954 -0.203201 -0.305826 -0.362100  0.385467  0.383937   \n",
              "maxfun   -0.080861 -0.045667 -0.120738 -0.192369  0.172329  0.274004   \n",
              "meandom  -0.336848 -0.303234 -0.293562 -0.428442  0.491479  0.536666   \n",
              "mindom   -0.061608 -0.103313 -0.294869 -0.289593  0.198150  0.229261   \n",
              "maxdom   -0.305651 -0.274500 -0.324253 -0.436649  0.477187  0.519528   \n",
              "dfrange  -0.304640 -0.272729 -0.319054 -0.431580  0.473775  0.515570   \n",
              "modindx  -0.169325 -0.205539  0.198074  0.211477 -0.182344 -0.216979   \n",
              "\n",
              "           meanfun    minfun    maxfun   meandom    mindom    maxdom  \\\n",
              "meanfreq  0.460844  0.383937  0.274004  0.536666  0.229261  0.519528   \n",
              "sd       -0.466281 -0.345609 -0.129662 -0.482726 -0.357667 -0.482278   \n",
              "median    0.414909  0.337602  0.251328  0.455943  0.191169  0.438919   \n",
              "Q25       0.545035  0.320994  0.199841  0.467403  0.302255  0.459683   \n",
              "Q75       0.155091  0.258002  0.285584  0.359181 -0.023750  0.335114   \n",
              "IQR      -0.534462 -0.222680 -0.069588 -0.333362 -0.357037 -0.337877   \n",
              "skew     -0.167668 -0.216954 -0.080861 -0.336848 -0.061608 -0.305651   \n",
              "kurt     -0.194560 -0.203201 -0.045667 -0.303234 -0.103313 -0.274500   \n",
              "sp.ent   -0.513194 -0.305826 -0.120738 -0.293562 -0.294869 -0.324253   \n",
              "sfm      -0.421066 -0.362100 -0.192369 -0.428442 -0.289593 -0.436649   \n",
              "mode      0.324771  0.385467  0.172329  0.491479  0.198150  0.477187   \n",
              "centroid  0.460844  0.383937  0.274004  0.536666  0.229261  0.519528   \n",
              "meanfun   1.000000  0.339387  0.311950  0.270840  0.162163  0.277982   \n",
              "minfun    0.339387  1.000000  0.213987  0.375979  0.082015  0.317860   \n",
              "maxfun    0.311950  0.213987  1.000000  0.337553 -0.243426  0.355390   \n",
              "meandom   0.270840  0.375979  0.337553  1.000000  0.099656  0.812838   \n",
              "mindom    0.162163  0.082015 -0.243426  0.099656  1.000000  0.026640   \n",
              "maxdom    0.277982  0.317860  0.355390  0.812838  0.026640  1.000000   \n",
              "dfrange   0.275154  0.316486  0.359880  0.811304  0.008666  0.999838   \n",
              "modindx  -0.054858  0.002042 -0.363029 -0.180954  0.200212 -0.425531   \n",
              "\n",
              "           dfrange   modindx  \n",
              "meanfreq  0.515570 -0.216979  \n",
              "sd       -0.475999  0.122660  \n",
              "median    0.435621 -0.213298  \n",
              "Q25       0.454394 -0.141377  \n",
              "Q75       0.335648 -0.216475  \n",
              "IQR      -0.331563  0.041252  \n",
              "skew     -0.304640 -0.169325  \n",
              "kurt     -0.272729 -0.205539  \n",
              "sp.ent   -0.319054  0.198074  \n",
              "sfm      -0.431580  0.211477  \n",
              "mode      0.473775 -0.182344  \n",
              "centroid  0.515570 -0.216979  \n",
              "meanfun   0.275154 -0.054858  \n",
              "minfun    0.316486  0.002042  \n",
              "maxfun    0.359880 -0.363029  \n",
              "meandom   0.811304 -0.180954  \n",
              "mindom    0.008666  0.200212  \n",
              "maxdom    0.999838 -0.425531  \n",
              "dfrange   1.000000 -0.429266  \n",
              "modindx  -0.429266  1.000000  "
            ]
          },
          "execution_count": 97,
          "metadata": {},
          "output_type": "execute_result"
        }
      ],
      "source": [
        "#correlation between various attributes\n",
        "corr = voice.corr(numeric_only=True)\n",
        "corr"
      ]
    },
    {
      "cell_type": "code",
      "execution_count": 98,
      "id": "a659eea0-5de1-47c6-9c43-22c1e9f50e9b",
      "metadata": {
        "colab": {
          "base_uri": "https://localhost:8080/",
          "height": 444
        },
        "id": "a659eea0-5de1-47c6-9c43-22c1e9f50e9b",
        "outputId": "05615c6d-8213-4471-bbe8-7fa943450aae"
      },
      "outputs": [
        {
          "data": {
            "text/html": [
              "<div>\n",
              "<style scoped>\n",
              "    .dataframe tbody tr th:only-of-type {\n",
              "        vertical-align: middle;\n",
              "    }\n",
              "\n",
              "    .dataframe tbody tr th {\n",
              "        vertical-align: top;\n",
              "    }\n",
              "\n",
              "    .dataframe thead th {\n",
              "        text-align: right;\n",
              "    }\n",
              "</style>\n",
              "<table border=\"1\" class=\"dataframe\">\n",
              "  <thead>\n",
              "    <tr style=\"text-align: right;\">\n",
              "      <th></th>\n",
              "      <th>meanfreq</th>\n",
              "      <th>sd</th>\n",
              "      <th>median</th>\n",
              "      <th>Q25</th>\n",
              "      <th>Q75</th>\n",
              "      <th>IQR</th>\n",
              "      <th>skew</th>\n",
              "      <th>sp.ent</th>\n",
              "      <th>sfm</th>\n",
              "      <th>mode</th>\n",
              "      <th>meanfun</th>\n",
              "      <th>minfun</th>\n",
              "      <th>maxfun</th>\n",
              "      <th>meandom</th>\n",
              "      <th>mindom</th>\n",
              "      <th>maxdom</th>\n",
              "      <th>modindx</th>\n",
              "      <th>label</th>\n",
              "    </tr>\n",
              "  </thead>\n",
              "  <tbody>\n",
              "    <tr>\n",
              "      <th>0</th>\n",
              "      <td>0.059781</td>\n",
              "      <td>0.064241</td>\n",
              "      <td>0.032027</td>\n",
              "      <td>0.015071</td>\n",
              "      <td>0.090193</td>\n",
              "      <td>0.075122</td>\n",
              "      <td>12.863462</td>\n",
              "      <td>0.893369</td>\n",
              "      <td>0.491918</td>\n",
              "      <td>0.000000</td>\n",
              "      <td>0.084279</td>\n",
              "      <td>0.015702</td>\n",
              "      <td>0.275862</td>\n",
              "      <td>0.007812</td>\n",
              "      <td>0.007812</td>\n",
              "      <td>0.007812</td>\n",
              "      <td>0.000000</td>\n",
              "      <td>male</td>\n",
              "    </tr>\n",
              "    <tr>\n",
              "      <th>1</th>\n",
              "      <td>0.066009</td>\n",
              "      <td>0.067310</td>\n",
              "      <td>0.040229</td>\n",
              "      <td>0.019414</td>\n",
              "      <td>0.092666</td>\n",
              "      <td>0.073252</td>\n",
              "      <td>22.423285</td>\n",
              "      <td>0.892193</td>\n",
              "      <td>0.513724</td>\n",
              "      <td>0.000000</td>\n",
              "      <td>0.107937</td>\n",
              "      <td>0.015826</td>\n",
              "      <td>0.250000</td>\n",
              "      <td>0.009014</td>\n",
              "      <td>0.007812</td>\n",
              "      <td>0.054688</td>\n",
              "      <td>0.052632</td>\n",
              "      <td>male</td>\n",
              "    </tr>\n",
              "    <tr>\n",
              "      <th>2</th>\n",
              "      <td>0.077316</td>\n",
              "      <td>0.083829</td>\n",
              "      <td>0.036718</td>\n",
              "      <td>0.008701</td>\n",
              "      <td>0.131908</td>\n",
              "      <td>0.123207</td>\n",
              "      <td>30.757155</td>\n",
              "      <td>0.846389</td>\n",
              "      <td>0.478905</td>\n",
              "      <td>0.000000</td>\n",
              "      <td>0.098706</td>\n",
              "      <td>0.015656</td>\n",
              "      <td>0.271186</td>\n",
              "      <td>0.007990</td>\n",
              "      <td>0.007812</td>\n",
              "      <td>0.015625</td>\n",
              "      <td>0.046512</td>\n",
              "      <td>male</td>\n",
              "    </tr>\n",
              "    <tr>\n",
              "      <th>3</th>\n",
              "      <td>0.151228</td>\n",
              "      <td>0.072111</td>\n",
              "      <td>0.158011</td>\n",
              "      <td>0.096582</td>\n",
              "      <td>0.207955</td>\n",
              "      <td>0.111374</td>\n",
              "      <td>1.232831</td>\n",
              "      <td>0.963322</td>\n",
              "      <td>0.727232</td>\n",
              "      <td>0.083878</td>\n",
              "      <td>0.088965</td>\n",
              "      <td>0.017798</td>\n",
              "      <td>0.250000</td>\n",
              "      <td>0.201497</td>\n",
              "      <td>0.007812</td>\n",
              "      <td>0.562500</td>\n",
              "      <td>0.247119</td>\n",
              "      <td>male</td>\n",
              "    </tr>\n",
              "    <tr>\n",
              "      <th>4</th>\n",
              "      <td>0.135120</td>\n",
              "      <td>0.079146</td>\n",
              "      <td>0.124656</td>\n",
              "      <td>0.078720</td>\n",
              "      <td>0.206045</td>\n",
              "      <td>0.127325</td>\n",
              "      <td>1.101174</td>\n",
              "      <td>0.971955</td>\n",
              "      <td>0.783568</td>\n",
              "      <td>0.104261</td>\n",
              "      <td>0.106398</td>\n",
              "      <td>0.016931</td>\n",
              "      <td>0.266667</td>\n",
              "      <td>0.712812</td>\n",
              "      <td>0.007812</td>\n",
              "      <td>5.484375</td>\n",
              "      <td>0.208274</td>\n",
              "      <td>male</td>\n",
              "    </tr>\n",
              "    <tr>\n",
              "      <th>...</th>\n",
              "      <td>...</td>\n",
              "      <td>...</td>\n",
              "      <td>...</td>\n",
              "      <td>...</td>\n",
              "      <td>...</td>\n",
              "      <td>...</td>\n",
              "      <td>...</td>\n",
              "      <td>...</td>\n",
              "      <td>...</td>\n",
              "      <td>...</td>\n",
              "      <td>...</td>\n",
              "      <td>...</td>\n",
              "      <td>...</td>\n",
              "      <td>...</td>\n",
              "      <td>...</td>\n",
              "      <td>...</td>\n",
              "      <td>...</td>\n",
              "      <td>...</td>\n",
              "    </tr>\n",
              "    <tr>\n",
              "      <th>3163</th>\n",
              "      <td>0.131884</td>\n",
              "      <td>0.084734</td>\n",
              "      <td>0.153707</td>\n",
              "      <td>0.049285</td>\n",
              "      <td>0.201144</td>\n",
              "      <td>0.151859</td>\n",
              "      <td>1.762129</td>\n",
              "      <td>0.962934</td>\n",
              "      <td>0.763182</td>\n",
              "      <td>0.200836</td>\n",
              "      <td>0.182790</td>\n",
              "      <td>0.083770</td>\n",
              "      <td>0.262295</td>\n",
              "      <td>0.832899</td>\n",
              "      <td>0.007812</td>\n",
              "      <td>4.210938</td>\n",
              "      <td>0.161929</td>\n",
              "      <td>female</td>\n",
              "    </tr>\n",
              "    <tr>\n",
              "      <th>3164</th>\n",
              "      <td>0.116221</td>\n",
              "      <td>0.089221</td>\n",
              "      <td>0.076758</td>\n",
              "      <td>0.042718</td>\n",
              "      <td>0.204911</td>\n",
              "      <td>0.162193</td>\n",
              "      <td>0.693730</td>\n",
              "      <td>0.960716</td>\n",
              "      <td>0.709570</td>\n",
              "      <td>0.013683</td>\n",
              "      <td>0.188980</td>\n",
              "      <td>0.034409</td>\n",
              "      <td>0.275862</td>\n",
              "      <td>0.909856</td>\n",
              "      <td>0.039062</td>\n",
              "      <td>3.679688</td>\n",
              "      <td>0.277897</td>\n",
              "      <td>female</td>\n",
              "    </tr>\n",
              "    <tr>\n",
              "      <th>3165</th>\n",
              "      <td>0.142056</td>\n",
              "      <td>0.095798</td>\n",
              "      <td>0.183731</td>\n",
              "      <td>0.033424</td>\n",
              "      <td>0.224360</td>\n",
              "      <td>0.190936</td>\n",
              "      <td>1.876502</td>\n",
              "      <td>0.946854</td>\n",
              "      <td>0.654196</td>\n",
              "      <td>0.008006</td>\n",
              "      <td>0.209918</td>\n",
              "      <td>0.039506</td>\n",
